{"nbformat":4,"nbformat_minor":0,"metadata":{"colab":{"provenance":[],"authorship_tag":"ABX9TyM3IRAFVuRGpY5pkKUJ9HJZ"},"kernelspec":{"name":"python3","display_name":"Python 3"},"language_info":{"name":"python"}},"cells":[{"cell_type":"code","execution_count":null,"metadata":{"colab":{"base_uri":"https://localhost:8080/","height":34},"id":"eiW9bpB6pIxX","executionInfo":{"status":"ok","timestamp":1712863869861,"user_tz":300,"elapsed":38643,"user":{"displayName":"Abha Rajan","userId":"00306822163379284153"}},"outputId":"fd324311-6069-4650-fd2e-50c133d50b02"},"outputs":[{"output_type":"stream","name":"stdout","text":["Mounted at /content/drive\n"]}],"source":["import ee\n","from google.colab import drive\n","#drive.mount('data')\n","drive.mount('/content/drive')\n","# Trigger the authentication flow.\n","ee.Authenticate()\n","\n","# Initialize the library.\n","ee.Initialize(project='abharajan')\n","\n","import sys\n","sys.path.append('/content/drive/My Drive/BiomassApril2024')\n","\n","import geemap\n","\n","import matplotlib.pyplot as plt\n","import seaborn as sns\n","\n","from matplotlib.backends.backend_pdf import PdfPages\n","\n","from sklearn.model_selection import train_test_split\n","from sklearn.linear_model import LinearRegression\n","from sklearn.tree import DecisionTreeRegressor\n","from sklearn.ensemble import RandomForestRegressor\n","import xgboost as xgb\n","\n","from sklearn.metrics import r2_score\n","\n","import numpy as np\n","import pandas as pd\n","\n","import utilceda as uc\n","import coordinates as cdn\n"]},{"cell_type":"code","source":["# Choose coordinates to choose datasets\n","\n","#coordinatesList = cdn.clIndia\n","#placeList = cdn.plIndia\n","\n","coordinatesList = [[38.99458221563848, 6.463386197712386]]\n","placeList = ['Africa' ]\n","\n","# no of places\n","npl = len(placeList)\n","\n","# projections\n","projNameAr = ['S2', 'CCI', 'general']\n","nproj = len(projNameAr)\n","\n","dataFolder = 'drive/MyDrive/projectionStudy/dataProjectionStudy/'\n","plotFolder = 'drive/MyDrive/projectionStudy/'\n"],"metadata":{"colab":{"base_uri":"https://localhost:8080/","height":17},"id":"Xo-ABb_0IfVW","executionInfo":{"status":"ok","timestamp":1712863874513,"user_tz":300,"elapsed":110,"user":{"displayName":"Abha Rajan","userId":"00306822163379284153"}},"outputId":"22254f19-352b-4694-c6d7-0d9bdcceee8f"},"execution_count":null,"outputs":[{"output_type":"display_data","data":{"text/plain":["<IPython.core.display.HTML object>"],"text/html":["\n","            <style>\n","                .geemap-dark {\n","                    --jp-widgets-color: white;\n","                    --jp-widgets-label-color: white;\n","                    --jp-ui-font-color1: white;\n","                    --jp-layout-color2: #454545;\n","                    background-color: #383838;\n","                }\n","\n","                .geemap-dark .jupyter-button {\n","                    --jp-layout-color3: #383838;\n","                }\n","\n","                .geemap-colab {\n","                    background-color: var(--colab-primary-surface-color, white);\n","                }\n","\n","                .geemap-colab .jupyter-button {\n","                    --jp-layout-color3: var(--colab-primary-surface-color, white);\n","                }\n","            </style>\n","            "]},"metadata":{}}]},{"cell_type":"markdown","source":["# EDA and model fits - write fit results to a file and save EDA plots"],"metadata":{"id":"wrPThFLy3E3e"}},{"cell_type":"code","source":["# ****************************************************************\n","# EDA and Models - Saving the figures to one file for each projection\n","# ****************************************************************\n","\n","\n","for j in range(0, nproj):\n","  cciProjName = projNameAr[j]\n","\n","  for k in range(0, nproj):\n","    s2ProjName = projNameAr[k]\n","\n","    for l in range(0, nproj):\n","      allProjName = projNameAr[l]\n","\n","      projectionType = 'S2' + s2ProjName + 'CCI' + cciProjName + 'All' + allProjName\n","\n","      # String to use in plot titles\n","      placeProjection = placeList[0] + ' ' + projectionType\n","\n","      # make dataframe\n","      filename =  dataFolder + placeList[0] + '_' + projectionType + '.csv'\n","      dfC, dfCS = uc.cleanDF(filename)\n","\n","      # Model predictions\n","      pred = uc.modelPred(dfC)\n","      r2Ar = pred[2]\n","      rmseAr = pred[3]\n","      modelNames = pred[4]\n","\n","      # Write results to file\n","      f = plotFolder + placeList[0] + projectionType\n","      uc.EDAdf(dfC).to_csv(f+'_EDA.dat', mode='w') # EDA results\n","      dfC.corr().to_csv(f+'_corr.dat', mode='w')   # correlation matrix\n","      uc.modelResultsToDF(r2Ar, rmseAr, modelNames).to_csv(f+'_ModelResults.dat', mode='w') # model results\n","\n","      # Create plots, placeProjection is string that will be used in plot titles\n","      figHL, figTL = uc.EDAplotsL(placeProjection, dfC, dfCS)\n","      figTA, figHA = uc.EDAplotsAll(placeProjection, dfC, dfCS)\n","      figCorrA, figCorrL = uc.corrPlots(placeProjection, dfC)\n","      figModels = uc.modelPlots(placeProjection, pred)\n","\n","      # Save figures to file\n","      pdfFile = plotFolder + placeList[0] + projectionType + '.pdf'\n","      p = PdfPages(pdfFile)\n","\n","      figTL.savefig(p, format='pdf')\n","      figHL.savefig(p, format='pdf')\n","      figCorrL.savefig(p, format='pdf')\n","      figModels.savefig(p, format='pdf')\n","      figHA.savefig(p, format='pdf')\n","      figTA.savefig(p, format='pdf')\n","      figCorrA.savefig(p, format='pdf')\n","\n","      p.close()\n","\n","      # Close plots\n","      plt.close(figTL)\n","      plt.close(figHL)\n","      plt.close(figCorrL)\n","      plt.close(figModels)\n","      plt.close(figCorrA)\n","      plt.close(figTA)\n","      plt.close(figHA)\n","      dfC = pd.read_csv(filename)"],"metadata":{"id":"Phij6WVwI3UH"},"execution_count":null,"outputs":[]},{"cell_type":"markdown","source":["# Find the best projections - start here if the result files already exist"],"metadata":{"id":"_b7rZiDBwJ_z"}},{"cell_type":"code","source":["# Read model fit results for different projection types to a dataframe\n","\n","rsqLRAr=[]\n","rsqXGAr=[]\n","rmseLRAr=[]\n","rmseXGAr=[]\n","projTypeAr=[]\n","\n","for j in range(0, nproj):\n","  cciProjName = projNameAr[j]\n","\n","  for k in range(0, nproj):\n","    s2ProjName = projNameAr[k]\n","\n","    for l in range(0, nproj):\n","      allProjName = projNameAr[l]\n","\n","      projectionType = 'S2' + s2ProjName + 'CCI' + cciProjName + 'All' + allProjName\n","\n","      f = plotFolder + placeList[0] + projectionType\n","      resultsFile = f + '_ModelResults.dat'\n","\n","      modelDF=uc.EDAModelFilestoDF(resultsFile)\n","\n","      rsqLRAr.append(modelDF.loc['rsq', 'Linear Regression'])\n","      rsqXGAr.append(modelDF.loc['rsq', 'XGBoost'])\n","      rmseLRAr.append(modelDF.loc['rmse','Linear Regression'])\n","      rmseXGAr.append(modelDF.loc['rmse','XGBoost'])\n","      projTypeAr.append(projectionType)"],"metadata":{"colab":{"base_uri":"https://localhost:8080/","height":17},"id":"nY5aYEMVrJ1j","executionInfo":{"status":"ok","timestamp":1713387158042,"user_tz":300,"elapsed":223,"user":{"displayName":"Abha Rajan","userId":"00306822163379284153"}},"outputId":"ed232e28-c92f-4075-cdf3-5b3227cc8889"},"execution_count":null,"outputs":[{"output_type":"display_data","data":{"text/plain":["<IPython.core.display.HTML object>"],"text/html":["\n","            <style>\n","                .geemap-dark {\n","                    --jp-widgets-color: white;\n","                    --jp-widgets-label-color: white;\n","                    --jp-ui-font-color1: white;\n","                    --jp-layout-color2: #454545;\n","                    background-color: #383838;\n","                }\n","\n","                .geemap-dark .jupyter-button {\n","                    --jp-layout-color3: #383838;\n","                }\n","\n","                .geemap-colab {\n","                    background-color: var(--colab-primary-surface-color, white);\n","                }\n","\n","                .geemap-colab .jupyter-button {\n","                    --jp-layout-color3: var(--colab-primary-surface-color, white);\n","                }\n","            </style>\n","            "]},"metadata":{}}]},{"cell_type":"code","source":["# make one dataframe with all the results\n","resultsAr={'projType': projTypeAr,\n","  'rsqLR' : rsqLRAr,\n","  'rmseLR' : rmseLRAr,\n","  'rsqXG' : rsqXGAr,\n","  'rmseXG' : rmseXGAr\n","}\n","\n","resultsDF=pd.DataFrame(resultsAr)\n","\n","cols = list(resultsDF.columns)\n","ncol = len(cols)\n","\n","\n","# sort and print results\n","for i in range (1, ncol):\n","  print(cols[i])\n","  if i%2 == 1:\n","    print(resultsDF.sort_values(cols[i], ascending=False).head(6), '\\n\\n')\n","  else:\n","    print(resultsDF.sort_values(cols[i], ascending=True).head(6), '\\n\\n')"],"metadata":{"colab":{"base_uri":"https://localhost:8080/","height":711},"id":"1YSpW69L39Jk","executionInfo":{"status":"ok","timestamp":1713388933410,"user_tz":300,"elapsed":207,"user":{"displayName":"Abha Rajan","userId":"00306822163379284153"}},"outputId":"cd692cd0-22ee-440e-ff91-935479239f3c"},"execution_count":null,"outputs":[{"output_type":"display_data","data":{"text/plain":["<IPython.core.display.HTML object>"],"text/html":["\n","            <style>\n","                .geemap-dark {\n","                    --jp-widgets-color: white;\n","                    --jp-widgets-label-color: white;\n","                    --jp-ui-font-color1: white;\n","                    --jp-layout-color2: #454545;\n","                    background-color: #383838;\n","                }\n","\n","                .geemap-dark .jupyter-button {\n","                    --jp-layout-color3: #383838;\n","                }\n","\n","                .geemap-colab {\n","                    background-color: var(--colab-primary-surface-color, white);\n","                }\n","\n","                .geemap-colab .jupyter-button {\n","                    --jp-layout-color3: var(--colab-primary-surface-color, white);\n","                }\n","            </style>\n","            "]},"metadata":{}},{"output_type":"stream","name":"stdout","text":["rsqLR\n","                     projType     rsqLR     rmseLR     rsqXG     rmseXG\n","11       S2S2CCICCIAllgeneral  0.682509  28.748846  0.730198  26.501902\n","2         S2S2CCIS2Allgeneral  0.676108  28.862888  0.726612  26.517293\n","14      S2CCICCICCIAllgeneral  0.673766  29.183200  0.733052  26.398632\n","19       S2S2CCIgeneralAllCCI  0.672896  29.155071  0.722098  26.873051\n","25  S2generalCCIgeneralAllCCI  0.672766  29.300639  0.730266  26.602098\n","5        S2CCICCIS2Allgeneral  0.671741  29.155244  0.732729  26.307767 \n","\n","\n","rmseLR\n","                     projType     rsqLR     rmseLR     rsqXG     rmseXG\n","11       S2S2CCICCIAllgeneral  0.682509  28.748846  0.730198  26.501902\n","2         S2S2CCIS2Allgeneral  0.676108  28.862888  0.726612  26.517293\n","19       S2S2CCIgeneralAllCCI  0.672896  29.155071  0.722098  26.873051\n","5        S2CCICCIS2Allgeneral  0.671741  29.155244  0.732729  26.307767\n","14      S2CCICCICCIAllgeneral  0.673766  29.183200  0.733052  26.398632\n","25  S2generalCCIgeneralAllCCI  0.672766  29.300639  0.730266  26.602098 \n","\n","\n","rsqXG\n","                     projType     rsqLR     rmseLR     rsqXG     rmseXG\n","14      S2CCICCICCIAllgeneral  0.673766  29.183200  0.733052  26.398632\n","5        S2CCICCIS2Allgeneral  0.671741  29.155244  0.732729  26.307767\n","25  S2generalCCIgeneralAllCCI  0.672766  29.300639  0.730266  26.602098\n","11       S2S2CCICCIAllgeneral  0.682509  28.748846  0.730198  26.501902\n","2         S2S2CCIS2Allgeneral  0.676108  28.862888  0.726612  26.517293\n","19       S2S2CCIgeneralAllCCI  0.672896  29.155071  0.722098  26.873051 \n","\n","\n","rmseXG\n","                     projType     rsqLR     rmseLR     rsqXG     rmseXG\n","5        S2CCICCIS2Allgeneral  0.671741  29.155244  0.732729  26.307767\n","14      S2CCICCICCIAllgeneral  0.673766  29.183200  0.733052  26.398632\n","11       S2S2CCICCIAllgeneral  0.682509  28.748846  0.730198  26.501902\n","2         S2S2CCIS2Allgeneral  0.676108  28.862888  0.726612  26.517293\n","25  S2generalCCIgeneralAllCCI  0.672766  29.300639  0.730266  26.602098\n","19       S2S2CCIgeneralAllCCI  0.672896  29.155071  0.722098  26.873051 \n","\n","\n"]}]},{"cell_type":"markdown","source":["# Write to file!"],"metadata":{"id":"9mcQnT_XCghb"}},{"cell_type":"code","source":["# Write the summary dataframe comparing different projection types to a file\n","\n","# print results dataframe\n","bestProjFileName = plotFolder + placeList[0] + '_bestProj.dat'\n","resultsDF.to_csv(bestProjFileName, mode='w')\n","\n","# print sorted results dataframes\n","bestProjSortFile = open(plotFolder + placeList[0] + '_bestProjSorted.dat', 'w')\n","\n","for i in range (1, ncol):\n","  print(cols[i], file = bestProjSortFile)\n","  if i%2 == 1:\n","    print(resultsDF.sort_values(cols[i], ascending=False), '\\n\\n', file = bestProjSortFile)\n","  else:\n","    print(resultsDF.sort_values(cols[i], ascending=True), '\\n\\n', file = bestProjSortFile)\n","\n","bestProjSortFile.close()"],"metadata":{"id":"wybEmsUO5b68","colab":{"base_uri":"https://localhost:8080/","height":17},"executionInfo":{"status":"ok","timestamp":1713390832067,"user_tz":300,"elapsed":189,"user":{"displayName":"Abha Rajan","userId":"00306822163379284153"}},"outputId":"5167f74f-c6ca-4bd6-974c-1d36e5e7936e"},"execution_count":null,"outputs":[{"output_type":"display_data","data":{"text/plain":["<IPython.core.display.HTML object>"],"text/html":["\n","            <style>\n","                .geemap-dark {\n","                    --jp-widgets-color: white;\n","                    --jp-widgets-label-color: white;\n","                    --jp-ui-font-color1: white;\n","                    --jp-layout-color2: #454545;\n","                    background-color: #383838;\n","                }\n","\n","                .geemap-dark .jupyter-button {\n","                    --jp-layout-color3: #383838;\n","                }\n","\n","                .geemap-colab {\n","                    background-color: var(--colab-primary-surface-color, white);\n","                }\n","\n","                .geemap-colab .jupyter-button {\n","                    --jp-layout-color3: var(--colab-primary-surface-color, white);\n","                }\n","            </style>\n","            "]},"metadata":{}}]}]}